   2.1600000858306885       -3.1903519999999999        10.234081119999999       0.82848700000000008       0.69433019500000004     
   2.0199999809265137       -3.4637400000000000        12.028227440000000       0.90584799999999999       0.82260949999999988     
   2.0299999713897705       -3.4483879999999996        11.925103600000000       0.90203500000000003       0.81594777500000004     
   2.0399999618530273       -3.4301960000000000        11.799931920000001       0.89654899999999993       0.80651964500000006     
   2.0499999523162842       -3.4141400000000002        11.689743439999999       0.89441900000000008       0.80250990499999997     
   2.0499999523162842       -3.4082160000000004        11.654490880000001       0.89145599999999992       0.79758675000000001     
   2.1199998855590820       -3.2850560000000000        10.836055360000000       0.85672299999999990       0.73916767499999991     
   2.1300001144409180       -3.2779559999999996        10.791485679999999       0.85587099999999994       0.73818300500000000     
   2.1400001049041748       -3.2499919999999998        10.611496799999999       0.84773299999999996       0.72461889499999999     
   2.1500000953674316       -3.2186119999999998        10.409459119999999       0.83483399999999996       0.70630187000000000     
   2.1500000953674316       -3.2179199999999999        10.409968800000000       0.83411399999999991       0.70677420000000002     
   2.0699999332427979       -3.3860560000000000        11.499727999999999       0.88884400000000008       0.79233076000000002     
   2.0799999237060547       -3.3620160000000006        11.343943200000000       0.87630300000000005       0.77317261500000001     
   2.0899999141693115       -3.3402480000000003        11.201226399999999       0.86729999999999996       0.76035560999999996     
   2.0999999046325684       -3.3191160000000002        11.059316400000000       0.86879899999999999       0.75875147500000006     
   2.0999999046325684       -3.3291080000000002        11.128627439999999       0.87143500000000007       0.76455914500000000     
   2.1700000762939453       -3.1748680000000000        10.136005360000000       0.81582500000000002       0.67989136500000003     
   2.1800000667572021       -3.1497880000000000        9.9743895200000008       0.81925000000000003       0.67852721000000005     
   2.1900000572204590       -3.0947720000000003        9.6525692000000003      -0.77521000000000007       0.62990040000000003     
   2.2000000476837158       -3.0223760000000000        9.2181580800000003       0.72144500000000000       0.57077459500000005     
